0,1,2,3,4,5,6,7,8,9,10,11,12,13,14
0.02585467891834437,0.12592757756699943,0.05411782888525691,0.0675085169711981,0.03779264950181562,0.06210292282371096,0.05776774028667455,0.09307898315929776,0.0321036872637029,0.069523987975632,0.05379904597050763,0.08923219160232597,0.02057636296696547,0.19567371531495084,0.014940110792617577
0.024389627707375818,0.10746374625033761,0.049101159696240265,0.05916885878937223,0.0348911009895368,0.06054817864352545,0.056063205425215853,0.09406261381862267,0.02791690646999245,0.07410617646610451,0.045950366568585775,0.08818896477793262,0.022177406565556158,0.2396674001974829,0.01630428763411911
0.02544987823633178,0.07606464645970398,0.03559792687673012,0.04763768517805377,0.02826067629567625,0.04121406386018277,0.046686723016731546,0.07943977567526882,0.03079408529918925,0.05783896317840966,0.03409147424499396,0.07160345717977973,0.01638846271467629,0.38975131163405397,0.019180870150218722
0.02668489055991478,0.08743477836887956,0.042064206189421645,0.06124222918504485,0.03136626310028456,0.05121959608003035,0.05997365179875997,0.104375044443514,0.03853123013328882,0.06845960655195814,0.035101115668033714,0.07428262017010083,0.016076973101513396,0.28338517241604416,0.019802622233212067
0.028513622166921854,0.07705692866692221,0.04663796835043073,0.06066337524299011,0.031232892080802478,0.060692465820585635,0.06050664562966789,0.10776069115085377,0.04109802411396901,0.07682410888889503,0.03858920000323822,0.08552849661372397,0.015695728020722898,0.2514060785838854,0.01779377466638959
0.026762530392717445,0.06533450807040422,0.0352361483494282,0.05267036502007429,0.025731133742736962,0.05226420487200532,0.04731731734132672,0.09844923916144747,0.031422035881412194,0.05451147712587825,0.03048596711512597,0.06787185129510173,0.01287068779513935,0.37681264146277377,0.022259892374429192
0.025201200102988448,0.06400863323042284,0.03159783919489916,0.04412280141422533,0.023430797349088792,0.04525701163958202,0.04008272642370841,0.08839590206508781,0.025496154953554874,0.038581036114954885,0.025238778917881625,0.056041957874984276,0.011981426656159805,0.4583313342374708,0.022232399824991412
0.027945327984894516,0.0871225401132015,0.04008481198717864,0.05958576730707542,0.03000436260179317,0.05685304490570071,0.061352058102941864,0.11414598442087678,0.03518684030213905,0.05665885420043128,0.03112612362045308,0.06649264762362801,0.01781607398046062,0.29703871174138846,0.01858685110783649
0.02302238481044476,0.06058134506485166,0.030364247452198186,0.04747617426166388,0.022981817975369214,0.04361647759168331,0.04321183623513107,0.09429553819462552,0.02797416364128036,0.039162827354435374,0.02508877488420587,0.04099208843264055,0.0096732543975391,0.4695636583147331,0.021995411389197635
0.0304013593010293,0.08931315105640479,0.04772656012111187,0.06922565526447087,0.03564282931830022,0.069991293154774,0.06909219777689089,0.10981140337802724,0.03533560772844534,0.058599876320779044,0.037665944076694595,0.06420396542370181,0.023157569178235513,0.23800748134727756,0.021825106553856156
0.033536830908306,0.10165364504721328,0.05869711354582363,0.06121922410279851,0.035433176697307917,0.0916022435527093,0.09413682176662064,0.10785485791978912,0.04466065570235097,0.06495930571103134,0.03808602259388356,0.0741071590862035,0.034155155724349226,0.14316511036902893,0.016732677272584692
0.023774990985939347,0.0802631965256137,0.04860261706984423,0.04864927378053949,0.025612920161040963,0.07327334516699267,0.07907633567439248,0.09456238004933049,0.03393306937642993,0.04252107959545146,0.030200774732671805,0.053564299373837165,0.013213473967464603,0.3360714197084517,0.01668082383200142
0.022977320304160498,0.09798795482878458,0.055030119507141366,0.04980361365699962,0.02830336910468452,0.08757980462467686,0.09037799361995642,0.10950756994181139,0.037270869551206565,0.050749062080057014,0.03287101498839638,0.059879199036981634,0.01515235605167753,0.25221807031581356,0.010291682387653385
0.02688600530382568,0.10588705112675982,0.052328507109747874,0.0521860183779241,0.029151040592830996,0.09914178812088911,0.10159792012267077,0.12462819741256731,0.036508186427487134,0.054003830248902436,0.031958001285105814,0.057780213713126714,0.013838591214732488,0.20406560430104187,0.010039044642389142
0.03076361646614411,0.10899683317920002,0.050001081359264475,0.04895045817039634,0.0295612921303627,0.09888206438419782,0.09488416067421829,0.15218991290258416,0.03809291528076595,0.04910450420627247,0.03329869776171177,0.04923094913043289,0.012411965875585287,0.1917794458034704,0.011852102675393283
0.02880500568856304,0.1400897827483105,0.0545027798277808,0.07243838772891577,0.03217653051349421,0.11909153252183796,0.1181114525610815,0.1831903066304514,0.036934202527280295,0.07075100627747,0.044072765976133674,0.05129604903840124,0.01793041646509142,0.015090562286213395,0.015519219208975069
0.037556342513700595,0.14290816561473807,0.05874548648606069,0.07030199818503427,0.0341564149372016,0.13482510145557944,0.11468455573405813,0.18145479162020503,0.03725419451807803,0.05124878028482577,0.03746046146645315,0.052938954918357796,0.016271108521827688,0.014744929147608695,0.01544871459627097
0.0385181067278367,0.13719816701680415,0.05793644612282365,0.06139692247948802,0.0370221424120245,0.16278239534125513,0.11905584839138009,0.15983688928266937,0.033792263409179894,0.049103849192303164,0.03673233304415668,0.058494726020417075,0.020775941027668086,0.01281283287564437,0.014541136656348907
0.03166487269444343,0.12070825534930234,0.050551216956031375,0.06556419365090047,0.0399106222655753,0.17671974704631904,0.13273716480017722,0.15321469377256483,0.027942643001992496,0.06380388325344032,0.036337402115096076,0.057258887347601276,0.01452624312891684,0.011388570884654324,0.017671603732984046
0.023984225616750655,0.12852413441418903,0.05130703912579184,0.07029473202433084,0.03101620810386348,0.19209087830310964,0.14797596436451488,0.15163891570346458,0.02351388730471286,0.049154856291435386,0.03972150703636552,0.04650277216108696,0.016468217480345267,0.010523550449276262,0.017283111620763215
0.022916532306759493,0.1331723214333722,0.059662790062929,0.07619222194168532,0.0364976116160522,0.1704775349050285,0.13028038604187142,0.11805799498627965,0.02275850091834963,0.08049594429691531,0.03996612538901796,0.06620529867396588,0.01872824137207367,0.008771041567389367,0.015817454488311233
0.02632579671673818,0.11916758825042015,0.059335211416033866,0.08792279472466452,0.03364291806847171,0.16056480908476284,0.10359644712421161,0.13481738847090563,0.020245227752968838,0.08916293200784248,0.03778150918075573,0.0743003713995808,0.029015263621741068,0.008183880632218591,0.015937861548684183
0.026943965625536862,0.11640898367409916,0.05932508677873433,0.08406262914391686,0.028355201681870057,0.15003899771420748,0.09341549554186675,0.11720418317775098,0.01993636808136261,0.10681184785577155,0.04049603858256616,0.0804065740544296,0.04988622465192452,0.008848881455769892,0.017859521980192524
0.02361488154776893,0.11621567561596509,0.05616288055900518,0.09952395179017445,0.028862067855474426,0.14967199770570544,0.10692138424079115,0.1353923314499805,0.02390654122619039,0.09996342981736621,0.03917551010612256,0.06045359015238307,0.03539687495026374,0.008325946726685221,0.016412936256122633
0.02298373578838301,0.10341467258870037,0.06263229229802653,0.11902441130230758,0.03281212648374871,0.16170606139104182,0.09772114465396517,0.11666208376134779,0.023945496047004588,0.10332805203213595,0.042509502174663136,0.05940725554001465,0.030450623147328264,0.0053551108278735455,0.018047431963458625
0.03897102797889935,0.08671823007261921,0.04887631664516373,0.0955720654107324,0.02967746349435226,0.16147164008694717,0.08259832485522364,0.2346546152617372,0.012225397165177898,0.07680932458621782,0.03485472114717752,0.04935628944899074,0.02645847574913964,0.004638555003684517,0.017117553093938115
0.06411485587967512,0.09197253695402356,0.049264520021742086,0.07284968070649621,0.02616925359922382,0.17875607339613925,0.0768938334340259,0.2551593901773714,0.010301018004347575,0.06525822018848544,0.03030076282367791,0.043459796035201316,0.01901415451049678,0.004171947559863551,0.012313956709232332
0.07699186109590081,0.10610563799516867,0.06299121941605852,0.07844613421465778,0.02761780924590488,0.19273037598485065,0.07965239618237943,0.1896432660143249,0.01434680869066171,0.06065308536922086,0.029142963437589854,0.04974849390648083,0.015372313338210977,0.0039791894579211525,0.012578445650669744
0.07968017461262525,0.08015696456176606,0.09200263095745485,0.08861860151451695,0.025673320401386774,0.20494970431708617,0.07841264464011256,0.16400529706734412,0.013611825353528118,0.06109318754603374,0.024422696411173093,0.05729285948378598,0.013892158491772891,0.004118615201463755,0.012069319439949365
0.06679037920376625,0.07494471810674862,0.09400026723603136,0.09093124181894754,0.031308919231598197,0.20382869144515212,0.07913714381816138,0.15626878474651051,0.014332262228359328,0.06613353878444025,0.026214808625951977,0.0636010519810087,0.013753240965548728,0.0035056722010064845,0.015249279606768222
0.034642390158793876,0.07178979299287822,0.083723687565898,0.1272412016275505,0.04083403848485855,0.19518424084586894,0.06871450711025817,0.05574775765156376,0.011450355016878204,0.1485633633306816,0.035054941296811644,0.07674768695050475,0.028531514126976184,0.002884225831172405,0.018890297009304356
0.02532481397808737,0.054908148904634045,0.0916853631564476,0.14190565157769924,0.04566987230066884,0.20056510783689405,0.07550686968308874,0.03876510026674822,0.011205184289749275,0.1454976603345614,0.03480224314257948,0.07619174344335894,0.03290450166227611,0.0027661517077532277,0.022301587715453545
0.02102486795209221,0.050180600907024295,0.08437594470075231,0.1283737593672346,0.04212098597560901,0.22439401837524664,0.07385406639673713,0.0353106267921659,0.009233267946727589,0.14094049503926903,0.03983116423034575,0.09355918252009916,0.03555754496098669,0.0023101537985097697,0.018933321037199524
0.0311659982691866,0.043704886929293675,0.08195895665676534,0.12894258455303206,0.047994021201458466,0.23882087921266038,0.06796616556060377,0.04265510552593104,0.007403014287840136,0.15218252044015418,0.02898281061178786,0.07597322389894716,0.03283077184426124,0.0035012306500541925,0.015917830358016694
0.033238913613661034,0.05680937103309989,0.08160750641519705,0.12201114791501248,0.039912508057381044,0.20548985261955569,0.07274862943960302,0.08469428492992073,0.010031100853311546,0.13468552652049165,0.03419641821341273,0.06923256527855116,0.03231588777556792,0.0028827199427031843,0.020143567392530905
0.029944965090948024,0.044011683046449326,0.0744952492113718,0.13331316965914,0.043426234554153606,0.2422112581504913,0.07825057246697348,0.07390574237651505,0.008326818529636975,0.12212410962470718,0.04067732804240967,0.06324907950705619,0.023152823131256026,0.002681683634260154,0.020229282974630607
0.023648449814778785,0.03646448021527498,0.07606598305555512,0.14196533558064578,0.04790131569906367,0.2412070268009853,0.06997946093749485,0.0609018545350993,0.006132478686496478,0.11691046626511016,0.051111796428914044,0.084179486798331,0.02313753243354981,0.0021788106237216696,0.01821552212497989
0.021335139833750513,0.04362476137492293,0.0752677468032241,0.1453270070969269,0.05314801339757693,0.24678548853047755,0.07390649812431382,0.053800124616372604,0.004988555259605159,0.10970699353343086,0.05099294414767031,0.08010640476600202,0.021930998340044357,0.00184339910855444,0.01723592506712884
0.02196680517579196,0.03741140781133677,0.07688701730273094,0.16480593978616018,0.051151953495957005,0.23072709418383885,0.06254069113099281,0.048539606159283696,0.004851942026000636,0.12558572220311268,0.05492392577571284,0.07397264366657975,0.0234734504581171,0.0019481050265136696,0.02121369579787223
